CGATS.17
FORMAT_VERSION	2
Reference_sRGB_IEC_61966-2.1_Synthetic_XYZ_surface10
ICDM Workgroup 5 Color Volume & Accuracy 
by Karl Lang, Lumita, Inc.
CREATED Thursday, March 05, 2020
BEGIN_DATA_FORMAT
SampleID RGB_R RGB_G RGB_B LAB_L LAB_A LAB_B
END_DATA_FORMAT
NUMBER_OF_SETS 602
BEGIN_DATA
1 0 0 0 0 0 0
2 0 0 25 0.390119 7.48084 -12.4509
3 0 0 51 1.3285 25.4755 -31.354
4 0 0 76 2.90032 48.3331 -46.8452
5 0 0 102 5.33209 67.0617 -60.528
6 0 0 127 8.50613 80.2452 -71.4956
7 0 0 153 12.0584 91.877 -81.8592
8 0 0 178 15.3707 102.723 -91.5226
9 0 0 204 18.7251 113.707 -101.309
10 0 0 229 21.8756 124.023 -110.5
11 0 0 255 25.084 134.529 -119.86
12 0 25 0 6.01241 -11.2155 8.81843
13 0 25 25 6.40253 -3.73506 -3.61442
14 0 25 51 7.34091 13.1898 -21.6867
15 0 25 76 8.88007 31.2942 -36.9532
16 0 25 102 10.9635 48.7813 -51.0978
17 0 25 127 13.2817 64.1068 -63.4663
18 0 25 153 15.9057 78.712 -75.382
19 0 25 178 18.5555 91.7422 -86.1565
20 0 25 204 21.3877 104.478 -96.82
21 0 25 229 24.1503 116.112 -106.664
22 0 25 255 27.041 127.705 -116.559
23 0 51 0 16.8287 -24.3691 23.7441
24 0 51 25 17.0359 -18.5122 11.4117
25 0 51 51 17.524 -6.83708 -5.74917
26 0 51 76 18.3109 8.07504 -21.6806
27 0 51 102 19.4617 25.0198 -37.1106
28 0 51 127 20.8643 41.3439 -50.8817
29 0 51 153 22.5905 57.7055 -64.2303
30 0 51 178 24.464 72.6369 -76.269
31 0 51 204 26.5898 87.3138 -88.0956
32 0 51 229 28.7667 100.669 -98.9103
33 0 51 255 31.1358 113.865 -109.674
34 0 76 0 26.5873 -31.6128 34.3331
35 0 76 25 26.7109 -28.0122 23.4374
36 0 76 51 27.0051 -20.1448 8.05665
37 0 76 76 27.4892 -8.8693 -7.45812
38 0 76 102 28.2175 5.40298 -23.1083
39 0 76 127 29.1366 20.3889 -37.4288
40 0 76 153 30.3119 36.399 -51.539
41 0 76 178 31.6386 51.6882 -64.398
42 0 76 204 33.2024 67.1868 -77.1028
43 0 76 229 34.8617 81.5726 -88.7455
44 0 76 255 36.7266 95.9513 -100.327
45 0 102 0 36.1713 -38.727 42.2302
46 0 102 25 36.2537 -36.2946 34.0431
47 0 102 51 36.4509 -30.756 20.7582
48 0 102 76 36.7779 -22.316 6.19453
49 0 102 102 37.2761 -10.8654 -9.13651
50 0 102 127 37.9147 1.96969 -23.5246
51 0 102 153 38.7472 16.4725 -37.9455
52 0 102 178 39.7071 30.9704 -51.2522
53 0 102 204 40.8644 46.207 -64.52
54 0 102 229 42.1211 60.7508 -76.7583
55 0 102 255 43.5661 75.5972 -88.9858
56 0 127 0 44.9855 -45.2698 49.3649
57 0 127 25 45.0459 -43.4786 43.0216
58 0 127 51 45.1906 -39.3187 31.6278
59 0 127 76 45.4314 -32.773 18.2066
60 0 127 102 45.8004 -23.5238 3.48233
61 0 127 127 46.277 -12.701 -10.6801
62 0 127 153 46.9043 0.0401338 -25.1057
63 0 127 178 47.6356 13.2521 -38.5727
64 0 127 204 48.5285 27.581 -52.1206
65 0 127 229 49.5111 41.6245 -64.7051
66 0 127 255 50.6568 56.276 -77.3474
67 0 153 0 53.8257 -51.832 56.5206
68 0 153 25 53.8717 -50.4607 51.5081
69 0 153 51 53.9823 -47.2397 41.8165
70 0 153 76 54.1667 -42.0715 29.6508
71 0 153 102 54.45 -34.5726 15.7363
72 0 153 127 54.8177 -25.5281 2.00109
73 0 153 153 55.3044 -14.5422 -12.2282
74 0 153 178 55.8756 -2.80375 -25.6724
75 0 153 204 56.5785 10.2813 -39.3202
76 0 153 229 57.3586 23.4224 -52.0885
77 0 153 255 58.2769 37.4265 -64.9902
78 0 178 0 62.0686 -57.9507 63.1928
79 0 178 25 62.1054 -56.8515 59.0966
80 0 178 51 62.1939 -54.2524 50.7708
81 0 178 76 62.3417 -50.0333 39.7804
82 0 178 102 62.5693 -43.8092 26.7323
83 0 178 127 62.8653 -36.1513 13.5286
84 0 178 153 63.2585 -26.6442 -0.378345
85 0 178 178 63.7218 -16.2589 -13.6718
86 0 178 204 64.2946 -4.43211 -27.2834
87 0 178 229 64.9338 7.68362 -40.1042
88 0 178 255 65.6906 20.8304 -53.13
89 0 204 0 70.4162 -64.1471 69.9498
90 0 204 25 70.4463 -63.2489 66.5574
91 0 204 51 70.5185 -61.1154 59.4
92 0 204 76 70.6393 -57.6245 49.5441
93 0 204 102 70.8255 -52.4146 37.4259
94 0 204 127 71.0682 -45.9107 24.8524
95 0 204 153 71.3911 -37.7015 11.3781
96 0 204 178 71.7728 -28.5753 -1.66106
97 0 204 204 72.2462 -17.9974 -15.1337
98 0 204 229 72.7764 -6.97403 -27.9126
99 0 204 255 73.4068 5.18162 -40.9688
100 0 229 0 78.2564 -69.967 76.2961
101 0 229 25 78.2817 -69.2113 73.4168
102 0 229 51 78.3424 -67.4112 67.1806
103 0 229 76 78.444 -64.4506 58.3089
104 0 229 102 78.6008 -59.9974 47.0722
105 0 229 127 78.8054 -54.3823 35.1448
106 0 229 153 79.078 -47.2112 22.1507
107 0 229 178 79.4008 -39.1359 9.42546
108 0 229 204 79.8019 -29.6495 -3.83929
109 0 229 229 80.2524 -19.6302 -16.5067
110 0 229 255 80.7895 -8.43653 -29.5185
111 0 255 0 86.2408 -75.8938 82.7591
112 0 255 25 86.2623 -75.2511 80.2943
113 0 255 51 86.3139 -73.7171 74.8463
114 0 255 76 86.4003 -71.1842 66.8826
115 0 255 102 86.5337 -67.3521 56.5223
116 0 255 127 86.7079 -62.4833 45.2814
117 0 255 153 86.9404 -56.2079 32.8295
118 0 255 178 87.2159 -49.0682 20.4833
119 0 255 204 87.5589 -40.5878 7.49376
120 0 255 229 87.9448 -31.5289 -4.99954
121 0 255 255 88.4059 -21.293 -17.9049
122 25 0 0 1.63591 9.89298 2.55464
123 25 0 25 2.02603 17.3738 -9.89622
124 25 0 51 2.96441 33.8795 -28.6547
125 25 0 76 4.53624 51.2581 -44.0968
126 25 0 102 6.968 66.8809 -57.7555
127 25 0 127 9.98423 78.9809 -68.9823
128 25 0 153 13.2076 90.8542 -79.9046
129 25 0 178 16.3004 101.876 -89.9412
130 25 0 204 19.4896 113 -100.008
131 25 0 229 22.5213 123.42 -109.401
132 25 0 255 25.6348 134.011 -118.923
133 51 0 0 5.57102 29.8376 8.69966
134 51 0 25 5.96113 34.34 -3.75001
135 51 0 51 6.89951 43.1457 -22.1596
136 51 0 76 8.46229 53.8189 -37.5007
137 51 0 102 10.6091 65.7265 -51.5932
138 51 0 127 12.9821 77.3384 -63.8981
139 51 0 153 15.654 89.2225 -75.7513
140 51 0 178 18.3412 100.361 -86.4741
141 51 0 204 21.2049 111.634 -97.0928
142 51 0 229 23.992 122.196 -106.901
143 51 0 255 26.9033 132.92 -116.766
144 76 0 0 11.5963 40.3744 18.0166
145 76 0 25 11.8883 42.8886 5.43577
146 76 0 51 12.5666 48.3888 -12.8678
147 76 0 76 13.6356 56.2771 -28.8691
148 76 0 102 15.1515 66.2645 -43.9541
149 76 0 127 16.9375 76.7686 -57.2197
150 76 0 153 19.0627 88.0502 -69.9821
151 76 0 178 21.2985 98.9328 -81.4618
152 76 0 204 23.7672 110.127 -92.7457
153 76 0 229 26.2373 120.708 -103.089
154 76 0 255 28.874 131.499 -113.419
155 102 0 0 17.8067 49.4604 27.0664
156 102 0 25 18.0021 51.1585 14.4702
157 102 0 51 18.4634 55.0283 -3.42799
158 102 0 76 19.2094 60.9306 -19.7006
159 102 0 102 20.3048 68.9418 -35.3659
160 102 0 127 21.6464 77.9228 -49.3189
161 102 0 153 23.3062 88.0786 -62.8324
162 102 0 178 25.1165 98.2568 -75.0125
163 102 0 204 27.1801 109.01 -86.9704
164 102 0 229 29.302 119.358 -97.897
165 102 0 255 31.6195 130.037 -108.763
166 127 0 0 23.5182 57.8167 34.743
167 127 0 25 23.6616 59.0671 22.3981
168 127 0 51 24.0023 61.9726 5.19452
169 127 0 76 24.5603 66.548 -11.0458
170 127 0 102 25.3944 73.0174 -26.9766
171 127 0 127 26.4385 80.5895 -41.3409
172 127 0 153 27.7613 89.5045 -55.3687
173 127 0 178 29.2395 98.7533 -68.0782
174 127 0 204 30.9645 108.799 -80.588
175 127 0 229 32.777 118.675 -92.0256
176 127 0 255 34.7954 129.03 -103.39
177 153 0 0 29.2466 66.1975 41.7112
178 153 0 25 29.3561 67.1546 29.9724
179 153 0 51 29.6174 69.4038 13.6741
180 153 0 76 30.0483 73.015 -2.33604
181 153 0 102 30.6996 78.2582 -18.3418
182 153 0 127 31.5261 84.585 -32.9476
183 153 0 153 32.5901 92.2713 -47.3335
184 153 0 178 33.7997 100.485 -60.4487
185 153 0 204 35.2364 109.643 -73.4133
186 153 0 229 36.7723 118.848 -85.2976
187 153 0 255 38.511 128.677 -97.1198
188 178 0 0 34.588 74.0121 47.4557
189 178 0 25 34.6756 74.7793 36.7176
190 178 0 51 34.8852 76.594 21.3808
191 178 0 76 35.2325 79.5411 5.72356
192 178 0 102 35.7607 83.8915 -10.2192
193 178 0 127 36.4365 89.2469 -24.9291
194 178 0 153 37.3155 95.8977 -39.5305
195 178 0 178 38.3261 103.164 -52.9212
196 178 0 204 39.5411 111.439 -66.2177
197 178 0 229 40.8564 119.918 -78.4467
198 178 0 255 42.3639 129.124 -90.6393
199 204 0 0 39.9971 81.926 52.6046
200 204 0 25 40.0687 82.5529 43.2717
201 204 0 51 40.2401 84.0422 28.967
202 204 0 76 40.5249 86.4803 13.7737
203 204 0 102 40.96 90.1207 -2.00037
204 204 0 127 41.5199 94.6677 -16.7206
205 204 0 153 42.2533 100.409 -31.4457
206 204 0 178 43.1035 106.794 -45.0293
207 204 0 204 44.135 114.195 -58.5799
208 204 0 229 45.2625 121.908 -71.0882
209 204 0 255 46.5677 130.414 -83.5942
210 229 0 0 45.0776 89.3588 57.3773
211 229 0 25 45.1377 89.8862 49.2089
212 229 0 51 45.282 91.1427 35.886
213 229 0 76 45.5221 93.2101 21.2045
214 229 0 102 45.89 96.3211 5.66835
215 229 0 127 46.3653 100.246 -8.98979
216 229 0 153 46.9908 105.26 -23.7597
217 229 0 178 47.7202 110.908 -37.4584
218 229 0 204 48.6107 117.545 -51.1823
219 229 0 229 49.5909 124.555 -63.8946
220 229 0 255 50.7339 132.387 -76.6405
221 255 0 0 50.2514 96.9283 62.2376
222 255 0 25 50.3026 97.3768 55.0715
223 255 0 51 50.4253 98.4476 42.7303
224 255 0 76 50.6298 100.216 28.6259
225 255 0 102 50.9439 102.893 13.3983
226 255 0 127 51.3507 106.295 -1.13627
227 255 0 153 51.8882 110.682 -15.8921
228 255 0 178 52.5176 115.675 -29.6528
229 255 0 204 53.2899 121.607 -43.4975
230 255 0 229 54.1445 127.945 -56.3666
231 255 0 255 55.147 135.106 -69.3071
232 25 25 0 7.64832 -1.32248 11.3731
233 25 51 0 17.6808 -16.0868 24.9472
234 25 76 0 27.1007 -26.3463 34.9523
235 25 102 0 36.5152 -35.1169 42.6241
236 25 127 0 45.2379 -42.5932 49.654
237 25 153 0 54.0184 -49.7749 56.7415
238 25 178 0 62.2229 -56.2981 63.3697
239 25 204 0 70.5422 -62.7946 70.0942
240 25 229 0 78.3623 -68.8279 76.4176
241 25 255 0 86.3308 -74.9245 82.8623
242 51 25 0 11.1515 15.435 16.7732
243 51 51 0 19.5708 -2.07854 27.5662
244 51 76 0 28.2878 -15.8768 36.3592
245 51 102 0 37.3245 -27.3542 43.5471
246 51 127 0 45.8364 -36.6075 50.338
247 51 153 0 54.4777 -45.0668 57.2669
248 51 178 0 62.5916 -52.4635 63.7917
249 51 204 0 70.8438 -59.6271 70.4396
250 51 229 0 78.6162 -66.1445 76.7083
251 51 255 0 86.5468 -72.6306 83.1098
252 76 25 0 15.5502 29.3025 23.2859
253 76 51 0 22.3487 12.8268 31.2843
254 76 76 0 30.1445 -2.69624 38.4891
255 76 102 0 38.6276 -16.5248 45.0227
256 76 127 0 46.8137 -27.7571 51.4496
257 76 153 0 55.2339 -37.8417 58.1293
258 76 178 0 63.2015 -46.4428 64.4883
259 76 204 0 71.3443 -54.5739 71.0118
260 76 229 0 79.0384 -61.8177 77.1913
261 76 255 0 86.9066 -68.9025 83.5216
262 102 25 0 20.5997 41.4664 30.3342
263 102 51 0 25.9867 27.3574 35.899
264 102 76 0 32.7528 11.8778 41.3701
265 102 102 0 40.5289 -3.3029 47.1535
266 102 127 0 48.2685 -16.2208 53.0928
267 102 153 0 56.3731 -27.9803 59.4221
268 102 178 0 64.127 -37.9723 65.5416
269 102 204 0 72.1075 -47.3059 71.8821
270 102 229 0 79.6843 -55.4995 77.9287
271 102 255 0 87.4583 -63.3952 84.152
272 127 25 0 25.6218 51.7325 36.8221
273 127 51 0 29.9621 39.9007 40.5822
274 127 76 0 35.7955 25.4569 44.6665
275 127 102 0 42.8404 10.0278 49.7112
276 127 127 0 50.0794 -3.86095 55.1201
277 127 153 0 57.813 -16.9022 61.0458
278 127 178 0 65.3077 -28.1324 66.8789
279 127 204 0 73.0875 -38.6433 72.9955
280 127 229 0 80.5172 -47.829 78.877
281 127 255 0 88.172 -56.6122 84.9658
282 153 25 0 30.8787 61.4481 42.9772
283 153 51 0 34.3984 51.6173 45.3235
284 153 76 0 39.3826 38.631 48.48
285 153 102 0 45.6779 23.6989 52.8062
286 153 127 0 52.3599 9.46962 57.646
287 153 153 0 59.6579 -4.4206 63.11
288 153 178 0 66.8375 -16.6697 68.6014
289 153 204 0 74.3675 -28.275 74.4431
290 153 229 0 81.6111 -38.4607 80.1177
291 153 255 0 89.1132 -48.1907 86.0357
292 178 25 0 35.9065 70.1612 48.1813
293 178 51 0 38.8306 61.8748 49.7822
294 178 76 0 43.1264 50.3216 52.3903
295 178 102 0 48.7496 36.2687 56.1076
296 178 127 0 54.8921 22.2105 60.4183
297 178 153 0 61.7446 7.9626 65.4239
298 178 178 0 68.5893 -4.94246 70.5601
299 178 204 0 75.8465 -17.3841 76.1066
300 178 229 0 82.8829 -28.4154 81.5541
301 178 255 0 90.2128 -39.0032 87.2813
302 204 25 0 41.0805 78.7545 53.1407
303 204 51 0 43.5306 71.7421 54.4469
304 204 76 0 47.2328 61.5611 56.6123
305 204 102 0 52.227 48.5972 59.791
306 204 127 0 57.8282 35.0588 63.594
307 204 153 0 64.2095 20.8324 68.1307
308 204 178 0 70.6858 7.57665 72.886
309 204 204 0 77.6342 -5.47096 78.1049
310 204 229 0 84.4311 -17.2065 83.2936
311 204 255 0 91.5586 -28.5723 88.7996
312 229 25 0 45.9921 86.6772 57.8271
313 229 51 0 48.0881 80.6389 58.9233
314 229 76 0 51.3196 71.6187 60.7575
315 229 102 0 55.7808 59.7309 63.5046
316 229 127 0 60.895 46.8815 66.8709
317 229 153 0 66.8305 32.9545 70.9798
318 229 178 0 72.9446 19.6366 75.3709
319 229 204 0 79.5803 6.25608 80.2653
320 229 229 0 86.1292 -5.96732 85.191
321 229 255 0 93.0437 -17.9376 90.4673
322 255 25 0 51.0312 94.6394 62.6195
323 255 51 0 52.8361 89.4143 63.5491
324 255 76 0 55.6631 81.4342 65.1131
325 255 102 0 59.6416 70.6184 67.4889
326 255 127 0 64.2913 58.5768 70.4575
327 255 153 0 69.7823 45.1537 74.1555
328 255 178 0 75.5214 31.9959 78.1808
329 255 204 0 81.8239 18.4995 82.7379
330 255 229 0 88.1025 5.963 87.3821
331 255 255 0 94.7805 -6.47281 92.4075
332 255 25 25 51.0812 95.0892 55.6682
333 255 25 51 51.2011 96.1634 43.5574
334 255 25 76 51.401 97.9376 29.6006
335 255 25 102 51.7079 100.623 14.4616
336 255 25 127 52.1057 104.038 -0.0270382
337 255 25 153 52.6314 108.443 -14.7604
338 255 25 178 53.2474 113.458 -28.5156
339 255 25 204 54.0038 119.418 -42.3663
340 255 25 229 54.8414 125.789 -55.2493
341 255 25 255 55.8247 132.99 -68.2105
342 255 51 25 52.8835 89.8666 57.0541
343 255 51 51 52.9973 90.9466 45.4549
344 255 51 76 53.1869 92.7311 31.8381
345 255 51 102 53.4783 95.4338 16.9082
346 255 51 127 53.8563 98.8721 2.53086
347 255 51 153 54.3563 103.311 -12.1455
348 255 51 178 54.9428 108.368 -25.8834
349 255 51 204 55.664 114.385 -39.7433
350 255 51 229 56.4639 120.821 -52.6543
351 255 51 255 57.4045 128.104 -65.6595
352 255 76 25 55.7069 81.8883 59.2366
353 255 76 51 55.8118 82.9727 48.3823
354 255 76 76 55.987 84.7656 35.2913
355 255 76 102 56.2562 87.4829 20.6987
356 255 76 127 56.6059 90.9433 6.50858
357 255 76 153 57.0691 95.4159 -8.06507
358 255 76 178 57.6134 100.52 -21.7635
359 255 76 204 58.2839 106.6 -35.6256
360 255 76 229 59.0292 113.116 -48.5692
361 255 76 255 59.9077 120.499 -61.6321
362 255 102 25 59.6809 71.0714 62.3283
363 255 102 51 59.7751 72.1539 52.4172
364 255 102 76 59.9325 73.9447 40.0475
365 255 102 102 60.1747 76.662 25.9457
366 255 102 127 60.4895 80.1274 12.0428
367 255 102 153 60.9073 84.6144 -2.3608
368 255 102 178 61.3991 89.7454 -15.98
369 255 102 204 62.0064 95.8724 -29.8218
370 255 102 229 62.6831 102.453 -42.7897
371 255 102 255 63.4832 109.928 -55.9123
372 255 127 25 64.3261 59.0245 65.9661
373 255 127 51 64.4098 60.0948 57.0214
374 255 127 76 64.5496 61.8669 45.46
375 255 127 102 64.7649 64.5593 31.9469
376 255 127 127 65.0452 67.999 18.4093
377 255 127 153 65.4176 72.462 4.23808
378 255 127 178 65.8569 77.578 -9.25696
379 255 127 204 66.4005 83.7038 -23.0432
380 255 127 229 67.0078 90.3018 -36.0102
381 255 127 255 67.7277 97.8188 -49.1735
382 255 153 25 69.8128 45.5909 70.2882
383 255 153 51 69.8862 46.6366 62.3254
384 255 153 76 70.0087 48.3697 51.6626
385 255 153 102 70.1976 51.0066 38.8532
386 255 153 127 70.4438 54.382 25.7794
387 255 153 153 70.7715 58.7724 11.9226
388 255 153 178 71.1586 63.8194 -1.38687
389 255 153 204 71.6386 69.8819 -15.0683
390 255 153 229 72.1761 76.4341 -27.9981
391 255 153 255 72.815 83.9253 -41.1731
392 255 178 25 75.5482 32.4187 74.8291
393 255 178 51 75.6127 33.4304 67.7392
394 255 178 76 75.7204 35.1087 57.9454
395 255 178 102 75.8866 37.666 45.8675
396 255 178 127 76.1034 40.9457 33.3052
397 255 178 153 76.3922 45.2221 19.8156
398 255 178 178 76.7339 50.1522 6.73909
399 255 178 204 77.1583 56.0935 -6.79286
400 255 178 229 77.6345 62.537 -19.6463
401 255 178 255 78.2018 69.9311 -32.7959
402 255 204 25 81.8474 18.9039 79.8366
403 255 204 51 81.9038 19.872 73.5579
404 255 204 76 81.9982 21.4793 64.6343
405 255 204 102 82.1438 23.9322 53.341
406 255 204 127 82.3339 27.0843 41.3596
407 255 204 153 82.5874 31.2046 28.3087
408 255 204 178 82.8877 35.969 15.5271
409 255 204 204 83.2613 41.7298 2.2005
410 255 204 229 83.6811 48.0006 -10.5304
411 255 204 255 84.1821 55.2247 -23.6132
412 255 229 25 88.1232 6.34744 84.8418
413 255 229 51 88.173 7.26831 79.246
414 255 229 76 88.2564 8.79861 71.1043
415 255 229 102 88.3851 11.137 60.5621
416 255 229 127 88.5532 14.1475 49.1674
417 255 229 153 88.7775 18.092 36.5811
418 255 229 178 89.0435 22.6655 24.1268
419 255 229 204 89.3748 28.2129 11.0416
420 255 229 229 89.7476 34.2723 -1.53198
421 255 229 255 90.1931 41.2786 -14.5122
422 255 255 25 94.7988 -6.1102 90.1796
423 255 255 51 94.8428 -5.24123 85.1991
424 255 255 76 94.9165 -3.79596 77.8019
425 255 255 102 95.0302 -1.58463 68.0162
426 255 255 127 95.1788 1.2674 57.2434
427 255 255 153 95.3773 5.01261 45.1712
428 255 255 178 95.6128 9.36677 33.0941
429 255 255 204 95.9064 14.6645 20.2998
430 255 255 229 96.2371 20.4709 7.92737
431 255 255 255 96.6329 27.2093 -4.9091
432 25 255 25 86.3523 -74.287 80.4002
433 25 255 51 86.4039 -72.7654 74.9572
434 25 255 76 86.4901 -70.2527 66.9995
435 25 255 102 86.6233 -66.4503 56.6453
436 25 255 127 86.7972 -61.6178 45.409
437 25 255 153 87.0292 -55.387 32.9609
438 25 255 178 87.3043 -48.2951 20.6173
439 25 255 204 87.6467 -39.8679 7.62956
440 25 255 229 88.032 -30.8619 -4.86273
441 25 255 255 88.4923 -20.6811 -17.7676
442 51 255 25 86.5682 -72.0055 80.6539
443 51 255 51 86.6195 -70.5129 75.2231
444 51 255 76 86.7054 -68.0472 67.2799
445 51 255 102 86.8381 -64.314 56.9399
446 51 255 127 87.0112 -59.5663 45.7151
447 51 255 153 87.2423 -53.4398 33.276
448 51 255 178 87.5162 -46.4601 20.9386
449 51 255 204 87.8573 -38.1578 7.95518
450 51 255 229 88.241 -29.2759 -4.53462
451 51 255 255 88.6994 -19.2249 -17.4384
452 76 255 25 86.9278 -68.2967 81.076
453 76 255 51 86.9788 -66.85 75.6655
454 76 255 76 87.0641 -64.4587 67.7463
455 76 255 102 87.1958 -60.8353 57.4302
456 76 255 127 87.3678 -56.2222 46.2244
457 76 255 153 87.5973 -50.2617 33.8004
458 76 255 178 87.8693 -43.461 21.4735
459 76 255 204 88.2081 -35.3586 8.49735
460 76 255 229 88.5892 -26.6761 -3.98826
461 76 255 255 89.0446 -16.8341 -16.89
462 102 255 25 87.4793 -62.8168 81.7223
463 102 255 51 87.5297 -61.4349 76.3427
464 102 255 76 87.6141 -59.1492 68.4603
465 102 255 102 87.7444 -55.6817 58.1809
466 102 255 127 87.9146 -51.2606 47.0045
467 102 255 153 88.1417 -45.5374 34.6039
468 102 255 178 88.4109 -38.9938 22.2931
469 102 255 204 88.7462 -31.1799 9.32831
470 102 255 229 89.1234 -22.7863 -3.1507
471 102 255 255 89.5743 -13.2488 -16.0492
472 127 255 25 88.1928 -56.0657 82.5564
473 127 255 51 88.2425 -54.7594 77.2166
474 127 255 76 88.3258 -52.5967 69.3819
475 127 255 102 88.4543 -49.3117 59.1502
476 127 255 127 88.6222 -45.1159 48.012
477 127 255 153 88.8462 -39.6727 35.6419
478 127 255 178 89.1119 -33.434 23.3523
479 127 255 204 89.4427 -25.9641 10.4025
480 127 255 229 89.815 -17.9173 -2.06762
481 127 255 255 90.26 -8.74711 -14.9617
482 153 255 25 89.1335 -47.6811 83.6529
483 153 255 51 89.1824 -46.4623 78.3654
484 153 255 76 89.2641 -44.4427 70.5934
485 153 255 102 89.3904 -41.3703 60.4247
486 153 255 127 89.5553 -37.4382 49.3373
487 153 255 153 89.7754 -32.3246 37.0079
488 153 255 178 90.0364 -26.4468 24.7469
489 153 255 204 90.3615 -19.3868 11.8174
490 153 255 229 90.7275 -11.7561 -0.640525
491 153 255 255 91.165 -3.03003 -13.5281
492 178 255 25 90.2327 -38.5308 84.9294
493 178 255 51 90.2806 -37.4003 79.7024
494 178 255 76 90.3606 -35.5253 72.0036
495 178 255 102 90.4843 -32.6685 61.9088
496 178 255 127 90.6459 -29.0051 50.8812
497 178 255 153 90.8615 -24.2291 38.6002
498 178 255 178 91.1173 -18.7237 26.3733
499 178 255 204 91.4359 -12.0895 13.4684
500 178 255 229 91.7946 -4.89441 1.02544
501 178 255 255 92.2235 3.363 -11.8539
502 204 255 25 91.578 -28.1385 86.4849
503 204 255 51 91.6247 -27.1 81.3315
504 204 255 76 91.7028 -25.3759 73.7219
505 204 255 102 91.8234 -22.745 63.7178
506 204 255 127 91.981 -19.3644 52.7644
507 204 255 153 92.1914 -14.9457 40.5437
508 204 255 178 92.4409 -9.83688 28.3595
509 204 255 204 92.7518 -3.65979 15.4858
510 204 255 229 93.1019 3.06404 3.06223
511 204 255 255 93.5206 10.8102 -9.80583
512 229 255 25 93.0626 -17.5398 88.193
513 229 255 51 93.1081 -16.5869 83.1198
514 229 255 76 93.184 -15.0034 75.6084
515 229 255 102 93.3014 -12.5839 65.7049
516 229 255 127 93.4548 -9.46894 54.8341
517 229 255 153 93.6595 -5.38789 42.6811
518 229 255 178 93.9024 -0.656188 30.5455
519 229 255 204 94.2052 5.08297 17.7076
520 229 255 229 94.5461 11.3517 5.30678
521 229 255 255 94.9541 18.6 -7.54753
522 25 25 255 27.5438 127.375 -115.705
523 25 51 255 31.5562 113.847 -108.962
524 25 76 255 37.0634 96.2261 -99.759
525 25 102 255 43.8304 76.0912 -88.5423
526 25 127 255 50.8682 56.894 -76.9952
527 25 153 255 58.4473 38.1046 -64.7086
528 25 178 255 65.8315 21.522 -52.8991
529 25 204 255 73.5245 5.85938 -40.7777
530 25 229 255 80.89 -7.78721 -29.357
531 51 25 255 28.7078 126.692 -113.728
532 51 51 255 32.538 113.85 -107.299
533 51 76 255 37.8565 96.8872 -98.4216
534 51 102 255 44.457 77.2558 -87.4918
535 51 127 255 51.3713 58.3492 -76.1574
536 51 153 255 58.854 39.7044 -64.0368
537 51 178 255 66.1686 23.1578 -52.347
538 51 204 255 73.8064 7.46612 -40.3204
539 51 229 255 81.1308 -6.24488 -28.9702
540 76 25 255 30.5318 125.837 -110.634
541 76 51 255 34.0987 113.976 -104.658
542 76 76 255 39.1348 97.9918 -96.2677
543 76 102 255 45.4784 79.1367 -85.7807
544 76 127 255 52.1976 60.6943 -74.7824
545 76 153 255 59.5255 42.2909 -62.9281
546 76 178 255 66.7271 25.8134 -51.4328
547 76 204 255 74.2747 10.0859 -39.5612
548 76 229 255 81.5316 -3.72094 -28.3267
549 102 25 255 33.1002 125.048 -106.283
550 102 51 255 36.3374 114.4 -100.876
551 102 76 255 41.003 99.6868 -93.1241
552 102 102 255 46.9947 81.8922 -83.2435
553 102 127 255 53.4378 64.1167 -72.7207
554 102 153 255 60.5415 46.0829 -61.2525
555 102 178 255 67.5766 29.7305 -50.0434
556 102 204 255 74.9898 13.9741 -38.4028
557 102 229 255 82.1452 0.045457 -27.3423
558 127 25 255 36.1036 124.686 -101.207
559 127 51 255 39.0073 115.245 -96.3749
560 127 76 255 43.2784 101.867 -89.3024
561 127 102 255 48.8765 85.2564 -80.1
562 127 127 255 54.998 68.2717 -70.1311
563 127 153 255 61.8327 50.7098 -59.1259
564 127 178 255 68.6637 34.5455 -48.2677
565 127 204 255 75.9096 18.7913 -36.9143
566 127 229 255 82.9374 4.74434 -26.0726
567 153 25 255 39.6524 124.943 -95.2244
568 153 51 255 42.2216 116.69 -90.969
569 153 76 255 46.077 104.703 -84.6131
570 153 102 255 51.2379 89.4022 -76.1636
571 153 127 255 56.9862 73.3531 -66.8374
572 153 153 255 63.4979 56.3953 -56.3879
573 153 178 255 70.0777 40.5104 -45.9618
574 153 204 255 77.1137 24.8129 -34.9686
575 153 229 255 83.9792 10.6664 -24.4051
576 178 25 255 43.3633 125.898 -88.9885
577 178 51 255 45.6389 118.669 -85.2392
578 178 76 255 49.112 107.942 -79.5417
579 178 102 255 53.8506 93.9045 -71.8196
580 178 127 255 59.2217 78.8194 -63.1428
581 178 153 255 65.3949 62.5347 -53.2757
582 178 178 255 71.7037 47.0035 -43.3152
583 178 204 255 78.5087 31.4304 -32.7186
584 178 229 255 85.1926 17.2325 -22.4661
585 204 25 255 47.4401 127.634 -82.1623
586 204 51 255 49.4459 121.327 -78.8777
587 204 76 255 52.5536 111.789 -73.8096
588 204 102 255 56.8696 99.0131 -66.8153
589 204 127 255 61.8464 84.9538 -58.817
590 204 153 255 67.6525 69.4407 -49.5812
591 204 178 255 73.6588 54.3617 -40.1405
592 204 204 255 80.1997 39.0002 -29.9969
593 204 229 255 86.6724 24.8129 -20.1061
594 229 25 255 51.5026 129.963 -75.3871
595 229 51 255 53.2834 124.413 -72.49
596 229 76 255 56.0761 115.887 -67.9643
597 229 102 255 60.0126 104.242 -61.6233
598 229 127 255 64.6208 91.1576 -54.2591
599 229 153 255 70.0712 76.4292 -45.6349
600 229 178 255 75.7754 61.8547 -36.713
601 229 204 255 82.0463 46.7769 -27.0323
602 229 229 255 88.2989 32.6705 -17.5181
END_DATA
