CGATS.17
FORMAT_VERSION	2
Reference_sRGB_IEC_61966-2.1_Synthetic_XYZ_surface10
ICDM Workgroup 5 Color Volume & Accuracy 
by Karl Lang, Lumita, Inc.
CREATED Thursday, March 05, 2020
BEGIN_DATA_FORMAT
SampleID RGB_R RGB_G RGB_B LAB_L LAB_A LAB_B
END_DATA_FORMAT
NUMBER_OF_SETS 602
BEGIN_DATA
1 0 0 0 0 0 0
2 0 0 25 0.532231 3.32121 -12.1852
3 0 0 51 1.81245 11.3102 -30.4874
4 0 0 76 3.95685 24.2335 -44.982
5 0 0 102 7.27445 34.7453 -57.1281
6 0 0 127 11.1796 40.7321 -66.8265
7 0 0 153 15.1194 46.6364 -76.5133
8 0 0 178 18.793 52.1417 -85.5456
9 0 0 204 22.5133 57.717 -94.6927
10 0 0 229 26.0075 62.9535 -103.284
11 0 0 255 29.5659 68.2862 -112.033
12 0 25 0 6.29524 -12.0168 9.07235
13 0 25 25 6.82746 -8.69601 -3.08528
14 0 25 51 8.1072 -0.705003 -20.4383
15 0 25 76 10.0687 9.85304 -34.9254
16 0 25 102 12.6223 20.0365 -48.2291
17 0 25 127 15.3991 28.7845 -59.787
18 0 25 153 18.4863 36.9448 -70.8881
19 0 25 178 21.5622 44.0911 -80.9151
20 0 25 204 24.8174 50.9725 -90.8377
21 0 25 229 27.9693 57.1847 -100
22 0 25 255 31.2494 63.3191 -109.214
23 0 51 0 17.3356 -25.4547 23.8222
24 0 51 25 17.6093 -22.4829 11.7691
25 0 51 51 18.2498 -16.2676 -4.80389
26 0 51 76 19.2719 -7.92061 -20.1917
27 0 51 102 20.7455 1.88451 -34.9882
28 0 51 127 22.5127 11.4566 -48.0848
29 0 51 153 24.6521 21.0407 -60.6879
30 0 51 178 26.938 29.7096 -71.9914
31 0 51 204 29.4959 38.1261 -83.0532
32 0 51 229 32.0838 45.6845 -93.1432
33 0 51 255 34.8715 53.0581 -103.171
34 0 76 0 27.2449 -33.0212 33.7293
35 0 76 25 27.4082 -31.2121 23.4993
36 0 76 51 27.7961 -27.1496 8.77314
37 0 76 76 28.4308 -21.1031 -6.23185
38 0 76 102 29.3784 -13.1579 -21.3585
39 0 76 127 30.5627 -4.57549 -35.1356
40 0 76 153 32.0604 4.75038 -48.6296
41 0 76 178 33.7308 13.7199 -60.8537
42 0 76 204 35.6764 22.8104 -72.867
43 0 76 229 37.717 31.2069 -83.8266
44 0 76 255 39.9855 39.5347 -94.6904
45 0 102 0 36.9768 -40.4524 41.3289
46 0 102 25 37.0858 -39.2353 33.7988
47 0 102 51 37.3462 -36.4184 21.2169
48 0 102 76 37.7767 -32.014 7.19865
49 0 102 102 38.4296 -25.8522 -7.63428
50 0 102 127 39.2616 -18.7391 -21.5476
51 0 102 153 40.3383 -10.5048 -35.448
52 0 102 178 41.5696 -2.12938 -48.2182
53 0 102 204 43.041 6.76622 -60.891
54 0 102 229 44.624 15.2987 -72.5266
55 0 102 255 46.4272 24.0126 -84.1027
56 0 127 0 45.9272 -47.2867 48.3113
57 0 127 25 46.007 -46.3921 42.5083
58 0 127 51 46.1982 -44.2924 31.8189
59 0 127 76 46.5159 -40.9286 18.9883
60 0 127 102 47.0011 -36.062 4.78131
61 0 127 127 47.6254 -30.2199 -8.9241
62 0 127 153 48.443 -23.1727 -22.8762
63 0 127 178 49.3908 -15.7112 -35.8696
64 0 127 204 50.5403 -7.48659 -48.8966
65 0 127 229 51.7965 0.667399 -60.9512
66 0 127 255 53.2502 9.23498 -73.0139
67 0 153 0 54.9038 -54.1411 55.3143
68 0 153 25 54.9647 -53.4571 50.7455
69 0 153 51 55.1109 -51.8385 41.7253
70 0 153 76 55.3543 -49.2083 30.183
71 0 153 102 55.7277 -45.3233 16.8212
72 0 153 127 56.2109 -40.5392 3.55347
73 0 153 153 56.8482 -34.6005 -10.2177
74 0 153 178 57.5932 -28.1224 -23.223
75 0 153 204 58.5055 -20.7681 -36.4004
76 0 153 229 59.5127 -13.2702 -48.6959
77 0 153 255 60.6913 -5.18656 -61.0813
78 0 178 0 63.274 -60.5324 61.8441
79 0 178 25 63.3227 -59.9844 58.1192
80 0 178 51 63.4398 -58.6819 50.4165
81 0 178 76 63.635 -56.5472 40.061
82 0 178 102 63.9352 -53.3549 27.5985
83 0 178 127 64.325 -49.3607 14.8854
84 0 178 153 64.8413 -44.3089 1.44234
85 0 178 178 65.4479 -38.6851 -11.4239
86 0 178 204 66.1951 -32.1643 -24.592
87 0 178 229 67.0255 -25.3752 -36.9762
88 0 178 255 68.0042 -17.9058 -49.5306
89 0 204 0 71.7505 -67.0049 68.4568
90 0 204 25 71.7903 -66.5573 65.3771
91 0 204 51 71.8858 -65.49 58.7873
92 0 204 76 72.0455 -63.731 49.5596
93 0 204 102 72.2913 -61.0779 38.0519
94 0 204 127 72.6112 -57.721 25.9963
95 0 204 153 73.0361 -53.4177 13.0035
96 0 204 178 73.5371 -48.5539 0.394496
97 0 204 204 74.1568 -42.8216 -12.6454
98 0 204 229 74.8487 -36.752 -25.0092
99 0 204 255 75.6684 -29.9611 -37.6253
100 0 229 0 79.7117 -73.0841 74.6677
101 0 229 25 79.7452 -72.7076 72.0567
102 0 229 51 79.8256 -71.8081 66.3354
103 0 229 76 79.9599 -70.3203 58.0726
104 0 229 102 80.167 -68.0636 47.459
105 0 229 127 80.4368 -65.1868 36.0733
106 0 229 153 80.796 -61.4647 23.5823
107 0 229 178 81.2204 -57.2127 11.2989
108 0 229 204 81.7468 -52.1423 -1.53185
109 0 229 229 82.3364 -46.7066 -13.7926
110 0 229 255 83.0373 -40.5464 -26.3821
111 0 255 0 87.8194 -79.275 80.9927
112 0 255 25 87.8478 -78.9548 78.7596
113 0 255 51 87.9162 -78.1889 73.7757
114 0 255 76 88.0304 -76.9187 66.3926
115 0 255 102 88.2067 -74.9838 56.6571
116 0 255 127 88.4367 -72.5035 45.9765
117 0 255 153 88.7432 -69.2717 34.0505
118 0 255 178 89.106 -65.5495 22.1631
119 0 255 204 89.5568 -61.0696 9.6168
120 0 255 229 90.063 -56.2186 -2.46976
121 0 255 255 90.6664 -50.6631 -14.961
122 25 0 0 1.95366 8.69572 3.11292
123 25 0 25 2.48589 12.0169 -9.07228
124 25 0 51 3.76611 19.9769 -27.2357
125 25 0 76 5.9105 29.192 -41.6829
126 25 0 102 9.17013 35.9494 -53.9059
127 25 0 127 12.6247 41.5337 -64.3688
128 25 0 153 16.2405 47.244 -74.6061
129 25 0 178 19.6988 52.6257 -84.0046
130 25 0 204 23.2575 58.1108 -93.4265
131 25 0 229 26.6358 63.2837 -102.215
132 25 0 255 30.1016 68.5664 -111.121
133 51 0 0 6.65308 25.5885 10.6009
134 51 0 25 7.18531 27.1309 -1.58371
135 51 0 51 8.45678 30.0371 -19.4269
136 51 0 76 10.3684 33.8826 -34.1632
137 51 0 102 12.8717 38.6112 -47.635
138 51 0 127 15.6068 43.5074 -59.3085
139 51 0 153 18.6587 48.7475 -70.4988
140 51 0 178 21.7077 53.8219 -80.5907
141 51 0 204 24.9407 59.0808 -90.565
142 51 0 229 28.0757 64.0947 -99.7663
143 51 0 255 31.3416 69.2524 -109.013
144 76 0 0 13.2784 33.6623 20.9944
145 76 0 25 13.6318 34.457 8.53447
146 76 0 51 14.4488 36.2542 -9.55688
147 76 0 76 15.7267 38.9658 -25.2018
148 76 0 102 17.5217 42.6075 -39.8031
149 76 0 127 19.6154 46.6618 -52.5331
150 76 0 153 22.0836 51.2383 -64.6978
151 76 0 178 24.6593 55.8389 -75.5848
152 76 0 204 27.4844 60.731 -86.2472
153 76 0 229 30.2958 65.4787 -95.9955
154 76 0 255 33.2837 70.4238 -105.712
155 102 0 0 19.8673 41.2378 30.7619
156 102 0 25 20.104 41.7719 18.2381
157 102 0 51 20.6611 43.0128 0.453674
158 102 0 76 21.558 44.9675 -15.5727
159 102 0 102 22.8665 47.7348 -30.8732
160 102 0 127 24.4573 50.9832 -44.3946
161 102 0 153 26.4099 54.8271 -57.3988
162 102 0 178 28.5235 58.8433 -69.0507
163 102 0 204 30.9161 63.2447 -80.4353
164 102 0 229 33.3612 67.6156 -90.7986
165 102 0 255 36.0173 72.2479 -101.074
166 127 0 0 25.927 48.2049 39.1241
167 127 0 25 26.1007 48.5973 26.8057
168 127 0 51 26.5127 49.5206 9.6486
169 127 0 76 27.1854 51.0065 -6.41996
170 127 0 102 28.1867 53.1723 -22.0719
171 127 0 127 29.433 55.7996 -36.0892
172 127 0 153 31.0024 59.0131 -49.69
173 127 0 178 32.7449 62.4752 -61.9401
174 127 0 204 34.7653 66.3716 -73.9357
175 127 0 229 36.8755 70.3284 -84.8547
176 127 0 255 39.2123 74.5986 -95.6638
177 153 0 0 32.0046 55.1924 46.8084
178 153 0 25 32.1372 55.4924 35.036
179 153 0 51 32.4534 56.2033 18.7315
180 153 0 76 32.9738 57.3622 2.83523
181 153 0 102 33.758 59.0824 -12.9593
182 153 0 127 34.749 61.2155 -27.288
183 153 0 153 36.0187 63.888 -41.3205
184 153 0 178 37.4548 66.8373 -54.0439
185 153 0 204 39.151 70.2334 -66.5575
186 153 0 229 40.9546 73.7538 -77.976
187 153 0 255 42.9857 77.6222 -89.2892
188 178 0 0 37.6714 61.7079 53.2503
189 178 0 25 37.7777 61.9482 42.4011
190 178 0 51 38.0314 62.52 27.0194
191 178 0 76 38.4513 63.4591 11.432
192 178 0 102 39.0883 64.8685 -4.35013
193 178 0 127 39.901 66.6408 -18.8363
194 178 0 153 40.9539 68.8971 -33.1429
195 178 0 178 42.1595 71.43 -46.1984
196 178 0 204 43.6023 74.3968 -59.1007
197 178 0 229 45.1567 77.5233 -70.9144
198 178 0 255 46.93 81.0114 -82.6449
199 204 0 0 43.4104 68.3061 59.0723
200 204 0 25 43.4971 68.5024 49.5876
201 204 0 51 43.7047 68.9707 35.2076
202 204 0 76 44.0492 69.7438 20.0466
203 204 0 102 44.5745 70.9129 4.39061
204 204 0 127 45.2491 72.3976 -10.1506
205 204 0 153 46.1301 74.3101 -24.631
206 204 0 178 47.148 76.485 -37.9295
207 204 0 204 48.3783 79.0678 -51.1383
208 204 0 229 49.7177 81.8268 -63.28
209 204 0 255 51.2617 84.946 -75.3715
210 229 0 0 48.8004 74.5032 64.4318
211 229 0 25 48.8734 74.6683 56.1211
212 229 0 51 49.0481 75.0629 42.7016
213 229 0 76 49.3387 75.7164 28.022
214 229 0 102 49.7833 76.7096 12.5698
215 229 0 127 50.3566 77.9794 -1.9449
216 229 0 153 51.1095 79.6283 -16.51
217 229 0 178 51.9849 81.5209 -29.9644
218 229 0 204 53.0504 83.7909 -43.39
219 229 0 229 54.2191 86.2412 -55.7778
220 229 0 255 55.5771 89.0406 -68.1518
221 255 0 0 54.2896 80.8144 69.8898
222 255 0 25 54.3516 80.9547 62.5917
223 255 0 51 54.5003 81.2906 50.1385
224 255 0 76 54.7479 81.8483 36.0096
225 255 0 102 55.1277 82.6991 20.8355
226 255 0 127 55.619 83.7922 6.413
227 255 0 153 56.2667 85.2207 -8.17305
228 255 0 178 57.0236 86.8719 -21.7253
229 255 0 204 57.9499 88.8683 -35.3109
230 255 0 229 58.972 91.0418 -47.8941
231 255 0 255 60.1673 93.5467 -60.5027
232 25 25 0 8.24636 -3.31015 12.1809
233 25 51 0 18.319 -17.8215 25.2622
234 25 76 0 27.8385 -28.1581 34.4972
235 25 102 0 37.3748 -37.1162 41.8407
236 25 127 0 46.2192 -44.8123 48.6871
237 25 153 0 55.127 -52.2391 55.6015
238 25 178 0 63.4526 -59.0043 62.0741
239 25 204 0 71.8964 -65.7541 68.6447
240 25 229 0 79.8344 -72.0307 74.8257
241 25 255 0 87.9237 -78.3784 81.127
242 51 25 0 12.1786 11.6177 18.3459
243 51 51 0 20.4785 -5.0567 28.3708
244 51 76 0 29.204 -18.5451 36.2393
245 51 102 0 38.3085 -29.9653 43.0361
246 51 127 0 46.9107 -39.29 49.5744
247 51 153 0 55.658 -47.8918 56.2837
248 51 178 0 63.8791 -55.4618 62.6224
249 51 204 0 72.2454 -62.827 69.0936
250 51 229 0 80.1282 -69.5504 75.2037
251 51 255 0 88.1737 -76.2579 81.4488
252 76 25 0 17.012 23.6643 25.6502
253 76 51 0 23.6093 8.30055 32.7394
254 76 76 0 31.322 -6.55969 38.9012
255 76 102 0 39.8041 -20.0465 44.9356
256 76 127 0 48.0361 -31.155 51.0108
257 76 153 0 56.5303 -41.2371 57.4004
258 76 178 0 64.5835 -49.9098 63.5256
259 76 204 0 72.8238 -58.1634 69.8361
260 76 229 0 80.6164 -65.5551 75.8308
261 76 255 0 88.5899 -72.8142 81.9837
262 102 25 0 22.4895 34.0655 33.5015
263 102 51 0 27.6534 21.1009 38.1194
264 102 76 0 34.2673 6.52912 42.5324
265 102 102 0 41.9714 -8.0358 47.6555
266 102 127 0 49.7029 -20.6106 53.1215
267 102 153 0 57.8399 -32.1894 59.0677
268 102 178 0 65.6495 -42.1208 64.8871
269 102 204 0 73.7041 -51.4701 70.9629
270 102 229 0 81.3621 -59.7306 76.7866
271 102 255 0 89.2272 -67.7336 82.8014
272 127 25 0 27.8959 42.7649 40.7371
273 127 51 0 32.0224 31.9954 43.5666
274 127 76 0 37.6678 18.569 46.6334
275 127 102 0 44.5854 3.95663 50.8879
276 127 127 0 51.7656 -9.39346 55.7069
277 127 153 0 59.4878 -22.0777 61.1505
278 127 178 0 67.0049 -33.1072 66.6089
279 127 204 0 74.8315 -43.5154 72.4
280 127 229 0 82.3217 -52.6756 78.0126
281 127 255 0 90.0504 -61.4873 83.8549
282 153 25 0 33.5291 50.955 47.6555
283 153 51 0 36.8562 42.066 49.1162
284 153 76 0 41.6395 30.1152 51.314
285 153 102 0 47.7681 16.1318 54.7575
286 153 127 0 54.3461 2.6075 58.9016
287 153 153 0 61.5885 -10.7551 63.7819
288 153 178 0 68.7541 -22.6573 68.8158
289 153 204 0 76.2994 -34.0296 74.2614
290 153 229 0 83.5787 -44.0841 79.612
291 153 255 0 91.1336 -53.7502 85.2367
292 178 25 0 38.9018 58.2765 53.5901
293 178 51 0 41.6551 50.8167 54.3822
294 178 76 0 45.7521 40.2623 56.0544
295 178 102 0 51.187 27.2194 58.841
296 178 127 0 57.1921 13.9822 62.3773
297 178 153 0 63.9513 0.401957 66.711
298 178 178 0 70.7478 -12.0247 71.3113
299 178 204 0 77.9892 -24.1091 76.391
300 178 229 0 85.0358 -34.9042 81.4568
301 178 255 0 92.3961 -45.3334 86.8406
302 204 25 0 44.4204 65.4826 59.2485
303 204 51 0 46.7209 59.1898 59.8393
304 204 76 0 50.2342 49.9426 61.117
305 204 102 0 55.0307 38.0013 63.3505
306 204 127 0 60.4707 25.3603 66.3233
307 204 153 0 66.7265 11.9159 70.1122
308 204 178 0 73.1224 -0.741502 74.2566
309 204 204 0 80.0235 -13.3105 78.9364
310 204 229 0 86.8035 -24.7023 83.682
311 204 255 0 93.9368 -35.8092 88.789
312 229 25 0 49.6527 72.1173 64.575
313 229 51 0 51.6169 66.7105 65.0369
314 229 76 0 54.6722 58.552 66.041
315 229 102 0 58.9353 47.6668 67.8537
316 229 127 0 63.8744 35.7517 70.3598
317 229 153 0 69.6609 22.6855 73.6654
318 229 178 0 75.6681 10.0613 77.3832
319 229 204 0 82.2286 -2.7361 81.6737
320 229 229 0 88.7353 -14.5181 86.098
321 229 255 0 95.6318 -26.1351 90.921
322 255 25 0 55.016 78.7786 70.0083
323 255 51 0 56.705 74.1078 70.3768
324 255 76 0 59.3699 66.9145 71.1735
325 255 102 0 63.1555 57.06 72.6436
326 255 127 0 67.6232 45.9619 74.7412
327 255 153 0 72.948 33.4522 77.5962
328 255 178 0 78.5579 21.0649 80.8957
329 255 204 0 84.7598 8.24445 84.7887
330 255 229 0 90.9715 -3.75851 88.8746
331 255 255 0 97.6074 -15.7479 93.3913
332 255 25 25 55.0768 78.922 62.9697
333 255 25 51 55.2224 79.2654 50.7903
334 255 25 76 55.4651 79.8355 36.8352
335 255 25 102 55.8373 80.705 21.7655
336 255 25 127 56.319 81.8221 7.39786
337 255 25 153 56.9545 83.2815 -7.16009
338 255 25 178 57.6973 84.9682 -20.7034
339 255 25 204 58.6071 87.0069 -34.2928
340 255 25 229 59.6117 89.2256 -46.8884
341 255 25 255 60.7873 91.7815 -59.5167
342 255 51 25 56.763 74.2578 63.8775
343 255 51 51 56.902 74.617 52.2979
344 255 51 76 57.1336 75.2131 38.7396
345 255 51 102 57.4892 76.1223 23.9143
346 255 51 127 57.9497 77.2902 9.67838
347 255 51 153 58.5578 78.8156 -4.80967
348 255 51 178 59.2695 80.5781 -18.3281
349 255 51 204 60.1423 82.7076 -31.9219
350 255 51 229 61.1075 85.0239 -44.5426
351 255 51 255 62.2389 87.6907 -57.2129
352 255 76 25 59.4239 67.0731 65.3809
353 255 76 51 59.5533 67.4529 54.655
354 255 76 76 59.769 68.0834 41.7016
355 255 76 102 60.1004 69.0452 27.2662
356 255 76 127 60.5302 70.2805 13.2487
357 255 76 153 61.0984 71.8942 -1.11686
358 255 76 178 61.7645 73.7588 -14.5845
359 255 76 204 62.5831 76.0116 -28.1737
360 255 76 229 63.4903 78.4617 -40.8236
361 255 76 255 64.5563 81.2818 -53.5499
362 255 102 25 63.2044 57.2277 67.6382
363 255 102 51 63.3218 57.6294 57.9628
364 255 102 76 63.5176 58.2964 45.8228
365 255 102 102 63.8187 59.3142 31.946
366 255 102 127 64.2096 60.6222 18.2581
367 255 102 153 64.7274 62.3321 4.09007
368 255 102 178 65.3357 64.3092 -9.28281
369 255 102 204 66.0849 66.6996 -22.8429
370 255 102 229 66.9175 69.3013 -35.5135
371 255 102 255 67.8987 72.2978 -48.2991
372 255 127 25 67.6671 46.1365 70.4446
373 255 127 51 67.7723 46.5548 61.8138
374 255 127 76 67.9479 47.2495 50.565
375 255 127 102 68.2182 48.3106 37.3467
376 255 127 127 68.5696 49.6754 24.0712
377 255 127 153 69.0358 51.4617 10.1674
378 255 127 178 69.5846 53.53 -3.06289
379 255 127 204 70.2622 56.0344 -16.5574
380 255 127 229 71.0171 58.7646 -29.2237
381 255 127 255 71.9095 61.9141 -42.0506
382 255 153 25 72.9867 33.6308 73.9403
383 255 153 51 73.0797 34.0587 66.341
384 255 153 76 73.2351 34.7699 56.0602
385 255 153 102 73.4745 35.857 43.6145
386 255 153 127 73.786 37.2574 30.8543
387 255 153 153 74.2 39.093 17.3023
388 255 153 178 74.6882 41.2226 4.28016
389 255 153 204 75.2924 43.807 -9.09672
390 255 153 229 75.9674 46.631 -21.721
391 255 153 255 76.7675 49.8969 -34.5605
392 255 178 25 78.5922 21.244 77.7554
393 255 178 51 78.6746 21.6731 71.0505
394 255 178 76 78.8122 22.387 61.6851
395 255 178 102 79.0243 23.4793 50.028
396 255 178 127 79.3006 24.8882 37.8276
397 255 178 153 79.6684 26.7385 24.6807
398 255 178 178 80.1028 28.8895 11.9162
399 255 178 204 80.6414 31.5064 -1.29592
400 255 178 229 81.2444 34.3735 -13.8373
401 255 178 255 81.961 37.699 -26.6512
402 255 204 25 84.79 8.42095 82.0902
403 255 204 51 84.8625 8.84408 76.1989
404 255 204 76 84.9838 9.54836 67.7317
405 255 204 102 85.1708 10.6272 56.9053
406 255 204 127 85.4147 12.0209 45.3314
407 255 204 153 85.7397 13.8546 32.6628
408 255 204 178 86.1241 15.9913 20.2211
409 255 204 204 86.6015 18.5976 7.23309
410 255 204 229 87.137 21.4616 -5.17615
411 255 204 255 87.7748 24.7942 -17.9204
412 255 229 25 90.9983 -3.58681 86.5245
413 255 229 51 91.0627 -3.17505 81.3064
414 255 229 76 91.1703 -2.48926 73.6318
415 255 229 102 91.3365 -1.43765 63.5873
416 255 229 127 91.5532 -0.077327 52.6372
417 255 229 153 91.8423 1.7157 40.4692
418 255 229 178 92.1846 3.80948 28.3826
419 255 229 204 92.6104 6.3698 15.6565
420 255 229 229 93.0887 9.19127 3.41668
421 255 229 255 93.6593 12.4845 -9.21948
422 255 255 25 97.6311 -15.5829 91.3391
423 255 255 51 97.6882 -15.187 86.719
424 255 255 76 97.7837 -14.5273 79.7872
425 255 255 102 97.9311 -13.5146 70.5185
426 255 255 127 98.1236 -12.2028 60.2205
427 255 255 153 98.3804 -10.4709 48.6002
428 255 255 178 98.6849 -8.44418 36.9193
429 255 255 204 99.064 -5.95977 24.5071
430 255 255 229 99.4905 -3.21433 12.4835
431 255 255 255 100 5.55112e-14 -2.22045e-14
432 25 255 25 87.9521 -78.0613 78.8958
433 25 255 51 88.0203 -77.3024 73.9158
434 25 255 76 88.1343 -76.0438 66.5375
435 25 255 102 88.3102 -74.1263 56.8067
436 25 255 127 88.5397 -71.6677 46.1299
437 25 255 153 88.8456 -68.4636 34.2068
438 25 255 178 89.2077 -64.7721 22.3213
439 25 255 204 89.6577 -60.3275 9.77604
440 25 255 229 90.163 -55.5132 -2.31019
441 25 255 255 90.7652 -49.9974 -14.8017
442 51 255 25 88.202 -75.9476 79.2222
443 51 255 51 88.2698 -75.2052 74.2515
444 51 255 76 88.3833 -73.9736 66.8845
445 51 255 102 88.5584 -72.0965 57.1652
446 51 255 127 88.7868 -69.6888 46.4974
447 51 255 153 89.0913 -66.549 34.5814
448 51 255 178 89.4517 -62.9292 22.7004
449 51 255 204 89.8997 -58.5675 10.1577
450 51 255 229 90.4026 -53.839 -1.92766
451 51 255 255 91.0022 -48.4167 -14.4198
452 76 255 25 88.6179 -72.5149 79.7649
453 76 255 51 88.6852 -71.7984 74.8096
454 76 255 76 88.7978 -70.6094 67.4614
455 76 255 102 88.9715 -68.7964 57.7612
456 76 255 127 89.1981 -66.469 47.1087
457 76 255 153 89.5002 -63.4313 35.2045
458 76 255 178 89.8579 -59.9253 23.3311
459 76 255 204 90.3024 -55.6956 10.7929
460 76 255 229 90.8016 -51.1038 -1.29105
461 76 255 255 91.3967 -45.8308 -13.7841
462 102 255 25 89.2549 -67.4496 80.5945
463 102 255 51 89.3214 -66.7698 75.6629
464 102 255 76 89.4326 -65.6411 68.3436
465 102 255 102 89.6043 -63.9186 58.6728
466 102 255 127 89.8282 -61.7053 48.044
467 102 255 153 90.1267 -58.8126 36.158
468 102 255 178 90.4802 -55.4689 24.2965
469 102 255 204 90.9196 -51.4278 11.7653
470 102 255 229 91.413 -47.0324 -0.316095
471 102 255 255 92.0014 -41.9745 -12.8103
472 127 255 25 90.0777 -61.2212 81.6634
473 127 255 51 90.1432 -60.5839 76.7624
474 127 255 76 90.2527 -59.5252 69.4807
475 127 255 102 90.4217 -57.9082 59.8481
476 127 255 127 90.6422 -55.8279 49.2501
477 127 255 153 90.9362 -53.1049 37.3882
478 127 255 178 91.2844 -49.9516 25.5424
479 127 255 204 91.7172 -46.1329 13.0208
480 127 255 229 92.2034 -41.9699 0.942993
481 127 255 255 92.7834 -37.1678 -11.5523
482 153 255 25 91.1603 -53.5047 83.0653
483 153 255 51 91.2245 -52.9165 78.2046
484 153 255 76 91.3318 -51.9386 70.9724
485 153 255 102 91.4974 -50.4437 61.3907
486 153 255 127 91.7136 -48.5177 50.8337
487 153 255 153 92.0018 -45.9923 39.0043
488 153 255 178 92.3431 -43.0618 27.1798
489 153 255 204 92.7676 -39.5042 14.6715
490 153 255 229 93.2446 -35.6157 2.59926
491 153 255 255 93.8136 -31.1172 -9.89665
492 178 255 25 92.4221 -45.1085 84.6927
493 178 255 51 92.4848 -44.5695 79.879
494 178 255 76 92.5897 -43.6728 72.7049
495 178 255 102 92.7515 -42.3006 63.183
496 178 255 127 92.9627 -40.5303 52.6748
497 178 255 153 93.2444 -38.205 40.8841
498 178 255 178 93.578 -35.5009 29.0856
499 178 255 204 93.993 -32.2102 16.5938
500 178 255 229 94.4595 -28.6036 4.52893
501 178 255 255 95.0162 -24.419 -7.96673
502 204 255 25 93.9622 -35.6056 86.6696
503 204 255 51 94.0231 -35.1174 81.9132
504 204 255 76 94.1251 -34.3048 74.8105
505 204 255 102 94.2824 -33.0599 65.3624
506 204 255 127 94.4878 -31.4515 54.915
507 204 255 153 94.7618 -29.335 43.1729
508 204 255 178 95.0864 -26.8683 31.4073
509 204 255 204 95.4903 -23.8588 18.9373
510 204 255 229 95.9444 -20.551 6.88281
511 204 255 255 96.4865 -16.701 -5.61109
512 229 255 25 95.6564 -25.9511 88.8328
513 229 255 51 95.7155 -25.5098 84.1394
514 229 255 76 95.8144 -24.7747 77.1154
515 229 255 102 95.967 -23.6475 67.7496
516 229 255 127 96.1663 -22.1893 57.3704
517 229 255 153 96.4322 -20.2671 45.6835
518 229 255 178 96.7472 -18.0223 33.9561
519 229 255 204 97.1394 -15.2771 21.5116
520 229 255 229 97.5804 -12.2515 9.4704
521 229 255 255 98.1071 -8.71952 -3.01978
522 25 25 255 31.7482 63.7148 -108.366
523 25 51 255 35.3027 53.6474 -102.439
524 25 76 255 40.3423 40.3004 -94.0873
525 25 102 255 46.7146 24.8907 -83.6191
526 25 127 255 53.4841 10.1493 -72.6225
527 25 153 255 60.8822 -4.28812 -60.7639
528 25 178 255 68.1634 -17.0525 -49.2678
529 25 204 255 75.8021 -29.1689 -37.4062
530 25 229 255 83.1519 -39.817 -26.1958
531 51 25 255 32.9071 64.6532 -106.397
532 51 51 255 36.3112 55.0164 -100.73
533 51 76 255 41.1824 42.0715 -92.6676
534 51 102 255 47.3954 26.9278 -82.4739
535 51 127 255 54.0403 12.2807 -71.6919
536 51 153 255 61.3374 -2.1831 -60.0072
537 51 178 255 68.5438 -15.0444 -48.6398
538 51 204 255 76.1222 -27.2977 -36.8818
539 51 229 255 83.4265 -38.089 -25.7494
540 76 25 255 34.7336 66.1825 -103.297
541 76 51 255 37.9182 57.1728 -98.0072
542 76 76 255 42.5366 44.8391 -90.3808
543 76 102 255 48.504 30.1256 -80.6104
544 76 127 255 54.9526 15.654 -70.1666
545 76 153 255 62.0882 1.1781 -58.7599
546 76 178 255 69.1734 -11.8135 -47.6008
547 76 204 255 76.6534 -24.2668 -36.012
548 76 229 255 83.883 -35.2751 -25.0076
549 102 25 255 37.3243 68.4437 -98.9047
550 102 51 255 40.2305 60.2282 -94.0953
551 102 76 255 44.5161 48.713 -87.0425
552 102 102 255 50.1477 34.624 -77.8506
553 102 127 255 56.3194 20.451 -67.8835
554 102 153 255 63.222 6.01671 -56.878
555 102 178 255 70.1296 -7.11151 -46.0244
556 102 204 255 77.4634 -19.8125 -34.6865
557 102 229 255 84.5812 -31.1071 -23.8739
558 127 25 255 40.3771 71.2252 -93.7393
559 127 51 255 42.9976 63.8226 -89.4222
560 127 76 255 46.9273 53.1988 -82.9827
561 127 102 255 52.1839 39.8517 -74.4367
562 127 127 255 58.0349 26.0913 -65.022
563 127 153 255 64.6595 11.788 -54.4948
564 127 178 255 71.3506 -1.4287 -44.0135
565 127 204 255 78.5034 -14.3633 -32.9864
566 127 229 255 85.4812 -25.9569 -22.4139
567 153 25 255 44.01 74.6696 -87.6067
568 153 51 255 46.3404 68.0912 -83.7896
569 153 76 255 49.8932 58.428 -77.9993
570 153 102 255 54.7345 45.9523 -70.1688
571 153 127 255 60.2154 32.7454 -61.3913
572 153 153 255 66.5085 18.6982 -51.4346
573 153 178 255 72.9346 5.47422 -41.4086
574 153 204 255 79.8618 -7.65248 -30.7689
575 153 229 255 86.6625 -19.5404 -20.5
576 178 25 255 47.8326 78.4197 -81.1721
577 178 51 255 49.9052 72.5722 -77.7991
578 178 76 255 53.1103 63.8096 -72.6078
579 178 102 255 57.5512 52.2176 -65.4668
580 178 127 255 62.6601 39.6396 -57.3295
581 178 153 255 68.6082 25.9576 -47.9661
582 178 178 255 74.7509 12.831 -38.4272
583 178 204 255 81.4314 -0.397504 -28.2108
584 178 229 255 88.0351 -12.517 -18.2794
585 204 25 255 52.0538 82.6795 -74.0891
586 204 51 255 53.8873 77.5091 -71.128
587 204 76 255 56.7588 69.6222 -66.5112
588 204 102 255 60.7999 58.9507 -60.0585
589 204 127 255 65.5224 47.0926 -52.5861
590 204 153 255 71.0992 33.8994 -43.861
591 204 178 255 76.9279 20.9882 -34.8616
592 204 204 255 83.3286 7.76037 -25.1252
593 204 229 255 89.7047 -4.51937 -15.5833
594 229 25 255 56.278 87.0405 -67.0265
595 229 51 255 57.9104 82.4387 -64.4115
596 229 76 255 60.4935 75.3177 -60.2913
597 229 102 255 64.1762 65.5001 -54.4552
598 229 127 255 68.5396 54.3641 -47.6006
599 229 153 255 73.7594 41.7209 -39.4892
600 229 178 255 79.277 29.1174 -31.0237
601 229 204 255 85.3939 15.9972 -21.7738
602 229 229 255 91.5347 3.65477 -12.6346
END_DATA
